Printing the Higgs to 4 leptons events from onemu_higgsto4mu_2016G.root
+-----+------------+------------+-----------------+--------+
| Row | M4Mu       | event      | luminosityBlock | run    | 
+-----+------------+------------+-----------------+--------+
| 0   | 121.962454 | 2663714224 | 1465            | 278820 | 
+-----+------------+------------+-----------------+--------+
| 1   | 125.445881 | 738271001  | 413             | 278820 | 
+-----+------------+------------+-----------------+--------+
| 2   | 116.518666 | 1147711338 | 616             | 279766 | 
+-----+------------+------------+-----------------+--------+
| 3   | 130.276764 | 246976205  | 196             | 279760 | 
+-----+------------+------------+-----------------+--------+
| 4   | 131.816819 | 1003839216 | 565             | 278875 | 
+-----+------------+------------+-----------------+--------+
| 5   | 124.037319 | 5123592417 | 3019            | 279931 | 
+-----+------------+------------+-----------------+--------+
| 6   | 133.521186 | 1440321989 | 859             | 278969 | 
+-----+------------+------------+-----------------+--------+
| 7   | 129.383983 | 1583688526 | 865             | 279716 | 
+-----+------------+------------+-----------------+--------+
| 8   | 124.485515 | 2029486783 | 1177            | 279841 | 
+-----+------------+------------+-----------------+--------+
| 9   | 120.233750 | 258406656  | 136             | 280249 | 
+-----+------------+------------+-----------------+--------+
| 10  | 125.221084 | 678125664  | 355             | 280330 | 
+-----+------------+------------+-----------------+--------+
| 11  | 124.878513 | 1108529870 | 679             | 278969 | 
+-----+------------+------------+-----------------+--------+
| 12  | 120.922280 | 646151836  | 347             | 279716 | 
+-----+------------+------------+-----------------+--------+
Printing the Higgs to 4 leptons events from twomu_higgsto4mu_2016G.root
+-----+------------+------------+-----------------+--------+
| Row | M4Mu       | event      | luminosityBlock | run    | 
+-----+------------+------------+-----------------+--------+
| 0   | 125.445881 | 738271001  | 413             | 278820 | 
+-----+------------+------------+-----------------+--------+
| 1   | 121.962454 | 2663714224 | 1465            | 278820 | 
+-----+------------+------------+-----------------+--------+
| 2   | 120.922280 | 646151836  | 347             | 279716 | 
+-----+------------+------------+-----------------+--------+
| 3   | 131.817006 | 1003839216 | 565             | 278875 | 
+-----+------------+------------+-----------------+--------+
| 4   | 124.878513 | 1108529870 | 679             | 278969 | 
+-----+------------+------------+-----------------+--------+
| 5   | 133.522697 | 1440321989 | 859             | 278969 | 
+-----+------------+------------+-----------------+--------+
| 6   | 129.383983 | 1583688526 | 865             | 279716 | 
+-----+------------+------------+-----------------+--------+
| 7   | 130.276764 | 246976205  | 196             | 279760 | 
+-----+------------+------------+-----------------+--------+
| 8   | 116.518666 | 1147711338 | 616             | 279766 | 
+-----+------------+------------+-----------------+--------+
| 9   | 120.233750 | 258406656  | 136             | 280249 | 
+-----+------------+------------+-----------------+--------+
| 10  | 124.485515 | 2029486783 | 1177            | 279841 | 
+-----+------------+------------+-----------------+--------+
| 11  | 124.038073 | 5123592417 | 3019            | 279931 | 
+-----+------------+------------+-----------------+--------+
| 12  | 125.221084 | 678125664  | 355             | 280330 | 
+-----+------------+------------+-----------------+--------+
Printing the Higgs to 4 leptons events from onemu_higgsto4mu_2016H.root
+-----+------------+------------+-----------------+--------+
| Row | M4Mu       | event      | luminosityBlock | run    | 
+-----+------------+------------+-----------------+--------+
| 0   | 126.462340 | 386494896  | 228             | 283820 | 
+-----+------------+------------+-----------------+--------+
| 1   | 119.449050 | 43219961   | 23              | 283830 | 
+-----+------------+------------+-----------------+--------+
| 2   | 126.106404 | 540344626  | 366             | 283270 | 
+-----+------------+------------+-----------------+--------+
| 3   | 129.056696 | 3241584481 | 1909            | 283270 | 
+-----+------------+------------+-----------------+--------+
| 4   | 122.687069 | 2571021056 | 1514            | 281797 | 
+-----+------------+------------+-----------------+--------+
| 5   | 125.978703 | 272021935  | 147             | 283059 | 
+-----+------------+------------+-----------------+--------+
| 6   | 125.841613 | 3540008334 | 2141            | 281797 | 
+-----+------------+------------+-----------------+--------+
| 7   | 123.959510 | 199438691  | 108             | 283307 | 
+-----+------------+------------+-----------------+--------+
| 8   | 124.987632 | 2920076999 | 1703            | 283270 | 
+-----+------------+------------+-----------------+--------+
| 9   | 131.548334 | 1186362046 | 676             | 283865 | 
+-----+------------+------------+-----------------+--------+
| 10  | 123.953444 | 2947488730 | 1688            | 283885 | 
+-----+------------+------------+-----------------+--------+
| 11  | 131.856834 | 362578828  | 215             | 283820 | 
+-----+------------+------------+-----------------+--------+
| 12  | 125.720846 | 615190126  | 436             | 283478 | 
+-----+------------+------------+-----------------+--------+
| 13  | 129.247839 | 81943091   | 41              | 282731 | 
+-----+------------+------------+-----------------+--------+
| 14  | 131.203268 | 2298921279 | 1332            | 283408 | 
+-----+------------+------------+-----------------+--------+
| 15  | 124.638098 | 328600245  | 173             | 282037 | 
+-----+------------+------------+-----------------+--------+
| 16  | 125.975087 | 266738670  | 146             | 283307 | 
+-----+------------+------------+-----------------+--------+
| 17  | 125.850950 | 24484383   | 17              | 281641 | 
+-----+------------+------------+-----------------+--------+
| 18  | 115.218161 | 436216815  | 262             | 283408 | 
+-----+------------+------------+-----------------+--------+
| 19  | 131.645588 | 3758011612 | 2270            | 282092 | 
+-----+------------+------------+-----------------+--------+
| 20  | 126.403081 | 182888890  | 231             | 283548 | 
+-----+------------+------------+-----------------+--------+
Printing the Higgs to 4 leptons events from twomu_higgsto4mu_2016H.root
+-----+------------+------------+-----------------+--------+
| Row | M4Mu       | event      | luminosityBlock | run    | 
+-----+------------+------------+-----------------+--------+
| 0   | 129.247839 | 81943091   | 41              | 282731 | 
+-----+------------+------------+-----------------+--------+
| 1   | 125.850950 | 24484383   | 17              | 281641 | 
+-----+------------+------------+-----------------+--------+
| 2   | 122.687069 | 2571021056 | 1514            | 281797 | 
+-----+------------+------------+-----------------+--------+
| 3   | 125.841427 | 3540008334 | 2141            | 281797 | 
+-----+------------+------------+-----------------+--------+
| 4   | 124.987632 | 2920076999 | 1703            | 283270 | 
+-----+------------+------------+-----------------+--------+
| 5   | 125.978474 | 272021935  | 147             | 283059 | 
+-----+------------+------------+-----------------+--------+
| 6   | 129.056696 | 3241584481 | 1909            | 283270 | 
+-----+------------+------------+-----------------+--------+
| 7   | 126.106404 | 540344626  | 366             | 283270 | 
+-----+------------+------------+-----------------+--------+
| 8   | 123.953444 | 2947488730 | 1688            | 283885 | 
+-----+------------+------------+-----------------+--------+
| 9   | 124.637219 | 328600245  | 173             | 282037 | 
+-----+------------+------------+-----------------+--------+
| 10  | 118.039818 | 416445666  | 308             | 283478 | 
+-----+------------+------------+-----------------+--------+
| 11  | 131.856363 | 362578828  | 215             | 283820 | 
+-----+------------+------------+-----------------+--------+
| 12  | 126.462500 | 386494896  | 228             | 283820 | 
+-----+------------+------------+-----------------+--------+
| 13  | 123.959671 | 199438691  | 108             | 283307 | 
+-----+------------+------------+-----------------+--------+
| 14  | 126.402881 | 182888890  | 231             | 283548 | 
+-----+------------+------------+-----------------+--------+
| 15  | 131.548572 | 1186362046 | 676             | 283865 | 
+-----+------------+------------+-----------------+--------+
| 16  | 125.719657 | 615190126  | 436             | 283478 | 
+-----+------------+------------+-----------------+--------+
| 17  | 125.975064 | 266738670  | 146             | 283307 | 
+-----+------------+------------+-----------------+--------+
| 18  | 131.203175 | 2298921279 | 1332            | 283408 | 
+-----+------------+------------+-----------------+--------+
| 19  | 131.645588 | 3758011612 | 2270            | 282092 | 
+-----+------------+------------+-----------------+--------+
| 20  | 119.449811 | 43219961   | 23              | 283830 | 
+-----+------------+------------+-----------------+--------+
| 21  | 115.218161 | 436216815  | 262             | 283408 | 
+-----+------------+------------+-----------------+--------+
